47621
47622
47623
47624
47625
47626
47627
47628
47629
47630
47631
47632
47633
47634
47635
47636
47637
47638
47639
47640
47641
47645
47646
47647
47648
47653
47654
47659
47660
47662
47665
47666
47667
47668
47669
47670
47671
47672
47673
47674
47675
47687
47688
47690
47691
47692
47693
47694
47695
47696
47697
47698
47699
47700
47701
47702
47705
47706
47714
47717
47719
47720
47721
47722
47723
47724
47725
47726
47727
47728
47733
47741
47744
47745
47746
47748
47749
47750
47751
47752
47753
47754
47755
47756
47757
47758
47759
47760
47761
47763
47764
47765
47766
47767
47769
47770
47771
47772
47773
47774
47775
47776
47777
47778
47779
47780
47781
47782
47783
47784
47785
47786
47787
47788
47789
47790
47791
47792
47794
47795
47796